answer: 3835400
Used Weight: 3593
Indices: 100 99 98 97 96 95 94 93 92 91 90 89 88 87 86 85 84 83 82 81 80 79 78 77 76 75 74 73 72 71 70 69 68 67 66 65 64 63 62 61 60 59 58 57 56 55 54 53 52 51 50 49 48 47 46 45 44 43 42 41 40 39 38 37 36 35 34 33 32 31 30 29 28 27 26 25 24 23 22 21 20 19 18 17 16 15 14 13 12 11 10 9 8 7 6 5 4 3 2 1 


Rounded Instance with Eps: 0.2
Theta: 49.8999999999999986
Answer of reduced instance: 76907
Answer of reduced instance multiplied by theta: 3837659.299999999814
Indices: 100 99 98 97 96 95 94 93 92 91 90 89 88 87 86 85 84 83 82 81 80 79 78 77 76 75 74 73 72 71 70 69 68 67 66 65 64 63 62 61 60 59 58 57 56 55 54 53 52 51 50 49 48 47 46 45 44 43 42 41 40 39 38 37 36 35 34 33 32 31 30 29 28 27 26 25 24 23 22 21 20 19 18 17 16 15 14 13 12 11 10 9 8 7 6 5 4 3 2 1 
Answer of original instance (rounded up): 3835400
Used Weight: 3593
Ratio: 1.0000000000000000


Rounded Instance with Eps: 0.5000000000000000
Theta: 124.7500000000000000
Answer of reduced instance: 30794
Answer of reduced instance multiplied by theta: 3841551.500000000000
Indices: 100 99 98 97 96 95 94 93 92 91 90 89 88 87 86 85 84 83 82 81 80 79 78 77 76 75 74 73 72 71 70 69 68 67 66 65 64 63 62 61 60 59 58 57 56 55 54 53 52 51 50 49 48 47 46 45 44 43 42 41 40 39 38 37 36 35 34 33 32 31 30 29 28 27 26 25 24 23 22 21 20 19 18 17 16 15 14 13 12 11 10 9 8 7 6 5 4 3 2 1 
Answer of original instance (rounded up): 3835400
Used Weight: 3593
Ratio: 1.0000000000000000


Rounded Instance with Eps: 0.2000000000000000
Theta: 49.8999999999999986
Answer of reduced instance: 76907
Answer of reduced instance multiplied by theta: 3837659.299999999814
Indices: 100 99 98 97 96 95 94 93 92 91 90 89 88 87 86 85 84 83 82 81 80 79 78 77 76 75 74 73 72 71 70 69 68 67 66 65 64 63 62 61 60 59 58 57 56 55 54 53 52 51 50 49 48 47 46 45 44 43 42 41 40 39 38 37 36 35 34 33 32 31 30 29 28 27 26 25 24 23 22 21 20 19 18 17 16 15 14 13 12 11 10 9 8 7 6 5 4 3 2 1 
Answer of original instance (rounded up): 3835400
Used Weight: 3593
Ratio: 1.0000000000000000


Rounded Instance with Eps: 0.1000000000000000
Theta: 24.9499999999999993
Answer of reduced instance: 153777
Answer of reduced instance multiplied by theta: 3836736.149999999907
Indices: 100 99 98 97 96 95 94 93 92 91 90 89 88 87 86 85 84 83 82 81 80 79 78 77 76 75 74 73 72 71 70 69 68 67 66 65 64 63 62 61 60 59 58 57 56 55 54 53 52 51 50 49 48 47 46 45 44 43 42 41 40 39 38 37 36 35 34 33 32 31 30 29 28 27 26 25 24 23 22 21 20 19 18 17 16 15 14 13 12 11 10 9 8 7 6 5 4 3 2 1 
Answer of original instance (rounded up): 3835400
Used Weight: 3593
Ratio: 1.0000000000000000


Rounded Instance with Eps: 0.0500000000000000
Theta: 12.4749999999999996
Answer of reduced instance: 307502
Answer of reduced instance multiplied by theta: 3836087.449999999721
Indices: 100 99 98 97 96 95 94 93 92 91 90 89 88 87 86 85 84 83 82 81 80 79 78 77 76 75 74 73 72 71 70 69 68 67 66 65 64 63 62 61 60 59 58 57 56 55 54 53 52 51 50 49 48 47 46 45 44 43 42 41 40 39 38 37 36 35 34 33 32 31 30 29 28 27 26 25 24 23 22 21 20 19 18 17 16 15 14 13 12 11 10 9 8 7 6 5 4 3 2 1 
Answer of original instance (rounded up): 3835400
Used Weight: 3593
Ratio: 1.0000000000000000
