empty
10
10


Tree 1: (10,10)
Tree 2: (9,9)
Tree 3: (8,8)
Tree 4: (7,7)
Tree 5: (6,6)
Tree 6: (5,5)
Tree 7: (4,4)
Tree 8: (3,3)
Tree 9: (2,2)
Tree 10: (1,1)


10 10


Tree 1: (9,9)->(8,8),(7,7),(5,5)
(7,7)->(6,6)
(5,5)->(4,4),(3,3)
(3,3)->(2,2)
Tree 2: (1,1)


9 9


Tree 1: (19,19)->(18,18),(17,17),(15,15)
(17,17)->(16,16)
(15,15)->(14,14),(13,13)
(13,13)->(12,12)
Tree 2: (11,11)




Tree 1: (29,29)->(28,28),(27,27),(25,25)
(27,27)->(26,26)
(25,25)->(24,24),(23,23)
(23,23)->(22,22)
Tree 2: (21,21)




Tree 1: (29,29)->(28,28),(27,27),(25,25)
(27,27)->(26,26)
(25,25)->(24,24),(23,23)
(23,23)->(22,22)
Tree 2: (21,21)
Tree 3: (19,19)->(18,18),(17,17),(15,15)
(17,17)->(16,16)
(15,15)->(14,14),(13,13)
(13,13)->(12,12)
Tree 4: (11,11)




Tree 1: (29,29)->(28,28),(27,27),(25,25)
(27,27)->(26,26)
(25,25)->(24,24),(23,23)
(23,23)->(22,22)
Tree 2: (21,21)
Tree 3: (19,19)->(18,18),(17,17),(15,15)
(17,17)->(16,16)
(15,15)->(14,14),(13,13)
(13,13)->(12,12)
Tree 4: (11,11)
Tree 5: (9,9)->(8,8),(7,7),(5,5)
(7,7)->(6,6)
(5,5)->(4,4),(3,3)
(3,3)->(2,2)
Tree 6: (1,1)




Tree 1: (29,29)->(28,28),(27,27),(25,25)
(27,27)->(26,26)
(25,25)->(24,24),(23,23)
(23,23)->(22,22)
Tree 2: (21,21)
Tree 3: (19,19)->(18,18),(17,17),(15,15)
(17,17)->(16,16)
(15,15)->(14,14),(13,13)
(13,13)->(12,12)
Tree 4: (11,11)
Tree 5: (9,9)->(8,8),(7,7),(5,5)
(7,7)->(6,6)
(5,5)->(4,4),(3,3)
(3,3)->(2,2)
Tree 6: (1,1)




Tree 1: (40,29)->(28,28),(27,27),(25,25)
(27,27)->(26,26)
(25,25)->(24,24),(23,23)
(23,23)->(22,22)
Tree 2: (21,21)
Tree 3: (19,19)->(18,18),(17,17),(15,15)
(17,17)->(16,16)
(15,15)->(14,14),(13,13)
(13,13)->(12,12)
Tree 4: (11,11)
Tree 5: (9,9)->(8,8),(7,7),(5,5)
(7,7)->(6,6)
(5,5)->(4,4),(3,3)
(3,3)->(2,2)
Tree 6: (1,1)




Tree 1: (50,23)->(22,22)
Tree 2: (40,29)->(28,28),(27,27),(25,25)
(27,27)->(26,26)
(25,25)->(24,24)
Tree 3: (21,21)
Tree 4: (19,19)->(18,18),(17,17),(15,15)
(17,17)->(16,16)
(15,15)->(14,14),(13,13)
(13,13)->(12,12)
Tree 5: (11,11)
Tree 6: (9,9)->(8,8),(7,7),(5,5)
(7,7)->(6,6)
(5,5)->(4,4),(3,3)
(3,3)->(2,2)
Tree 7: (1,1)




Tree 1: (100,24)
Tree 2: (50,23)->(22,22)
Tree 3: (40,29)->(28,28),(27,27)
(27,27)->(26,26)
Tree 4: (21,21)
Tree 5: (19,19)->(18,18),(17,17),(15,15)
(17,17)->(16,16)
(15,15)->(14,14),(13,13)
(13,13)->(12,12)
Tree 6: (11,11)
Tree 7: (9,9)->(8,8),(7,7),(5,5)
(7,7)->(6,6)
(5,5)->(4,4),(3,3)
(3,3)->(2,2)
Tree 8: (1,1)
Tree 9: (25,25)




Tree 1: (100,24)->(28,28),(50,23),(25,25)
(50,23)->(22,22)
(25,25)->(1,1),(21,21)
(21,21)->(11,11)
Tree 2: (27,27)->(26,26)
Tree 3: (19,19)->(18,18),(17,17),(15,15),(9,9)
(17,17)->(16,16)
(15,15)->(14,14),(13,13)
(13,13)->(12,12)
(9,9)->(8,8),(7,7),(5,5)
(7,7)->(6,6)
(5,5)->(4,4),(3,3)
(3,3)->(2,2)




Tree 1: (100,24)->(28,28),(50,23),(25,25)
(50,23)->(22,22)
(25,25)->(1,1),(21,21)
(21,21)->(11,11)
Tree 2: (27,27)->(26,26)
Tree 3: (19,19)->(18,18),(17,17),(15,15),(9,9)
(17,17)->(16,16)
(15,15)->(14,14),(13,13)
(13,13)->(12,12)
(9,9)->(8,8),(7,7),(5,5)
(7,7)->(6,6)
(5,5)->(4,4),(3,3)


